12
English    0.000000 0.333333 0.000000 0.000000 0.000000 0.142857 0.000000 0.625000 0.500000 0.000000 0.833333 1.000000 
Breton_St  0.333333 0.000000 0.333333 0.333333 0.333333 0.428571 0.333333 0.625000 0.333333 0.333333 1.000000 1.000000 
French     0.000000 0.333333 0.000000 0.000000 0.000000 0.142857 0.000000 0.625000 0.500000 0.000000 0.833333 1.000000 
Spanish    0.000000 0.333333 0.000000 0.000000 0.000000 0.142857 0.000000 0.625000 0.500000 0.000000 0.833333 1.000000 
Portuguese_St 0.000000 0.333333 0.000000 0.000000 0.000000 0.142857 0.000000 0.625000 0.500000 0.000000 0.833333 1.000000 
Italian    0.142857 0.428571 0.142857 0.142857 0.142857 0.000000 0.142857 0.500000 0.571429 0.142857 0.857143 0.857143 
Brazilian  0.000000 0.333333 0.000000 0.000000 0.000000 0.142857 0.000000 0.625000 0.500000 0.000000 0.833333 1.000000 
Old_Irish  0.625000 0.625000 0.625000 0.625000 0.625000 0.500000 0.625000 0.000000 0.750000 0.625000 0.750000 0.875000 
Cornish    0.500000 0.333333 0.500000 0.500000 0.500000 0.571429 0.500000 0.750000 0.000000 0.500000 1.000000 1.000000 
Catalan    0.000000 0.333333 0.000000 0.000000 0.000000 0.142857 0.000000 0.625000 0.500000 0.000000 0.833333 1.000000 
Assamese   0.833333 1.000000 0.833333 0.833333 0.833333 0.857143 0.833333 0.750000 1.000000 0.833333 0.000000 0.200000 
Oriya      1.000000 1.000000 1.000000 1.000000 1.000000 0.857143 1.000000 0.875000 1.000000 1.000000 0.200000 0.000000 
