6
English    0.000000 0.875000 0.750000 0.875000 0.750000 0.875000 
French     0.875000 0.000000 0.428571 0.571429 0.428571 0.142857 
Spanish    0.750000 0.428571 0.000000 0.142857 0.000000 0.285714 
Italian    0.875000 0.571429 0.142857 0.000000 0.142857 0.428571 
Portuguese_St 0.750000 0.428571 0.000000 0.142857 0.000000 0.285714 
Catalan    0.875000 0.142857 0.285714 0.428571 0.285714 0.000000 
