8
English    0.000000 0.375000 0.750000 0.750000 0.500000 0.375000 0.375000 0.500000 
French     0.375000 0.000000 0.750000 0.750000 0.500000 0.250000 0.125000 0.375000 
Breton_St  0.750000 0.750000 0.000000 0.500000 0.600000 0.714286 0.750000 0.750000 
Cornish    0.750000 0.750000 0.500000 0.000000 0.666667 0.714286 0.750000 0.625000 
Catalan    0.500000 0.500000 0.600000 0.666667 0.000000 0.428571 0.500000 0.500000 
Spanish    0.375000 0.250000 0.714286 0.714286 0.428571 0.000000 0.125000 0.125000 
Italian    0.375000 0.125000 0.750000 0.750000 0.500000 0.125000 0.000000 0.250000 
Portuguese_St 0.500000 0.375000 0.750000 0.625000 0.500000 0.125000 0.250000 0.000000 
