6
English   0.000 0.385 0.480 0.340 0.340 0.390 
Catalan   0.385 0.000 0.335 0.368 0.224 0.419 
Portugues 0.480 0.335 0.000 0.130 0.209 0.211 
Spanish   0.340 0.368 0.130 0.000 0.329 0.080 
French    0.340 0.224 0.209 0.329 0.000 0.380 
Italian   0.390 0.419 0.211 0.080 0.380 0.000 
