14
Old_Norse 0.000 0.133 0.396 0.879 0.834 0.033 0.834 0.424 0.434 0.434 0.434 0.189 0.379 0.399 
Icelandic 0.133 0.000 0.284 0.879 0.834 0.167 0.834 0.312 0.612 0.612 0.612 0.334 0.493 0.522 
Faroese   0.396 0.284 0.000 0.923 0.887 0.424 0.887 0.025 0.859 0.859 0.859 0.586 0.489 0.715 
Norwegian 0.879 0.879 0.923 0.000 0.067 0.834 0.067 0.923 0.667 0.667 0.667 0.769 1.000 0.898 
Stavanger 0.834 0.834 0.887 0.067 0.000 0.879 0.000 0.887 0.733 0.733 0.733 0.819 0.964 0.858 
Old_Swedi 0.033 0.167 0.424 0.834 0.879 0.000 0.879 0.453 0.390 0.390 0.390 0.152 0.408 0.430 
Swedish   0.834 0.834 0.887 0.067 0.000 0.879 0.000 0.887 0.733 0.733 0.733 0.819 0.964 0.858 
Övdalian  0.424 0.312 0.025 0.923 0.887 0.453 0.887 0.000 0.859 0.859 0.859 0.586 0.489 0.715 
Danish    0.434 0.612 0.859 0.667 0.733 0.390 0.733 0.859 0.000 0.000 0.000 0.269 0.782 0.498 
Danish_Fj 0.434 0.612 0.859 0.667 0.733 0.390 0.733 0.859 0.000 0.000 0.000 0.269 0.782 0.498 
Gutnish_L 0.434 0.612 0.859 0.667 0.733 0.390 0.733 0.859 0.000 0.000 0.000 0.269 0.782 0.498 
English   0.189 0.334 0.586 0.769 0.819 0.152 0.819 0.586 0.269 0.269 0.269 0.000 0.548 0.387 
Dutch_Lis 0.379 0.493 0.489 1.000 0.964 0.408 0.964 0.489 0.782 0.782 0.782 0.548 0.000 0.396 
German    0.399 0.522 0.715 0.898 0.858 0.430 0.858 0.715 0.498 0.498 0.498 0.387 0.396 0.000 
