6
﻿Italian  0.000 0.133 0.033 0.152 0.189 0.152 
Spanish   0.133 0.000 0.167 0.281 0.317 0.281 
Portugues 0.033 0.167 0.000 0.152 0.189 0.152 
French    0.152 0.281 0.152 0.000 0.040 0.000 
English   0.189 0.317 0.189 0.040 0.000 0.040 
Catalan   0.152 0.281 0.152 0.000 0.040 0.000 
