11
Old_Norse 0.000 0.114 0.238 0.238 0.000 0.238 0.362 0.029 0.114 0.000 0.000 
Icelandic 0.114 0.000 0.238 0.238 0.114 0.238 0.248 0.143 0.229 0.114 0.114 
Norwegian 0.238 0.238 0.000 0.000 0.238 0.000 0.345 0.272 0.238 0.238 0.238 
Stavanger 0.238 0.238 0.000 0.000 0.238 0.000 0.345 0.272 0.238 0.238 0.238 
Old_Swedi 0.000 0.114 0.238 0.238 0.000 0.238 0.362 0.029 0.114 0.000 0.000 
Swedish   0.238 0.238 0.000 0.000 0.238 0.000 0.345 0.272 0.238 0.238 0.238 
Övdalian  0.362 0.248 0.345 0.345 0.362 0.345 0.000 0.387 0.285 0.362 0.362 
Danish    0.029 0.143 0.272 0.272 0.029 0.272 0.387 0.000 0.143 0.029 0.029 
Danish_Fj 0.114 0.229 0.238 0.238 0.114 0.238 0.285 0.143 0.000 0.114 0.114 
Gutnish_L 0.000 0.114 0.238 0.238 0.000 0.238 0.362 0.029 0.114 0.000 0.000 
English   0.000 0.114 0.238 0.238 0.000 0.238 0.362 0.029 0.114 0.000 0.000 
