6
Old_Norse 0.000 0.147 0.202 0.356 0.290 0.250 
Faroese   0.147 0.000 0.286 0.396 0.369 0.148 
English   0.202 0.286 0.000 0.213 0.143 0.406 
Danish    0.356 0.396 0.213 0.000 0.213 0.541 
Danish_Fj 0.290 0.369 0.143 0.213 0.000 0.481 
Icelandic 0.250 0.148 0.406 0.541 0.481 0.000 
