14
German     0.000000 0.660000 0.160000 0.600000 0.720000 0.440000 0.360000 0.440000 0.360000 0.720000 0.720000 0.720000 0.360000 0.360000 
English    0.660000 0.000000 0.620000 0.620000 0.420000 0.620000 0.620000 0.620000 0.620000 0.820000 0.820000 0.820000 0.620000 0.620000 
Gutnish_Lau 0.160000 0.620000 0.000000 0.500000 0.650000 0.400000 0.250000 0.500000 0.250000 0.600000 0.600000 0.600000 0.250000 0.250000 
Dutch_List 0.600000 0.620000 0.500000 0.000000 0.550000 0.400000 0.250000 0.500000 0.250000 0.600000 0.600000 0.600000 0.250000 0.250000 
Old_Irish  0.720000 0.420000 0.650000 0.550000 0.000000 0.400000 0.550000 0.650000 0.550000 0.720000 0.720000 0.720000 0.550000 0.550000 
Danish     0.440000 0.620000 0.400000 0.400000 0.400000 0.000000 0.200000 0.333333 0.200000 0.520000 0.520000 0.520000 0.200000 0.200000 
Swedish    0.360000 0.620000 0.250000 0.250000 0.550000 0.200000 0.000000 0.333333 0.000000 0.400000 0.400000 0.400000 0.000000 0.000000 
Stavangersk 0.440000 0.620000 0.500000 0.500000 0.650000 0.333333 0.333333 0.000000 0.333333 0.600000 0.600000 0.600000 0.333333 0.333333 
Norwegian  0.360000 0.620000 0.250000 0.250000 0.550000 0.200000 0.000000 0.333333 0.000000 0.400000 0.400000 0.400000 0.000000 0.000000 
Old_Swedish 0.720000 0.820000 0.600000 0.600000 0.720000 0.520000 0.400000 0.600000 0.400000 0.000000 0.200000 0.200000 0.400000 0.400000 
Icelandic_St 0.720000 0.820000 0.600000 0.600000 0.720000 0.520000 0.400000 0.600000 0.400000 0.200000 0.000000 0.000000 0.400000 0.400000 
Faroese    0.720000 0.820000 0.600000 0.600000 0.720000 0.520000 0.400000 0.600000 0.400000 0.200000 0.000000 0.000000 0.400000 0.400000 
Danish_Fjolde 0.360000 0.620000 0.250000 0.250000 0.550000 0.200000 0.000000 0.333333 0.000000 0.400000 0.400000 0.400000 0.000000 0.000000 
Frisian    0.360000 0.620000 0.250000 0.250000 0.550000 0.200000 0.000000 0.333333 0.000000 0.400000 0.400000 0.400000 0.000000 0.000000 
