8
English    0.000000 0.375000 0.750000 0.750000 0.500000 0.375000 0.375000 0.400000 
French     0.375000 0.000000 0.750000 0.750000 0.500000 0.250000 0.125000 0.275000 
Breton_St  0.750000 0.750000 0.000000 0.366667 0.600000 0.714286 0.750000 0.650000 
Cornish    0.750000 0.750000 0.366667 0.000000 0.433333 0.714286 0.750000 0.625000 
Catalan    0.500000 0.500000 0.600000 0.433333 0.000000 0.428571 0.500000 0.400000 
Spanish    0.375000 0.250000 0.714286 0.714286 0.428571 0.000000 0.125000 0.025000 
Italian    0.375000 0.125000 0.750000 0.750000 0.500000 0.125000 0.000000 0.150000 
Portuguese_St 0.400000 0.275000 0.650000 0.625000 0.400000 0.025000 0.150000 0.000000 
