12
Danish     0.000000 0.000000 0.000000 0.000000 0.137500 0.014286 0.142857 0.142857 0.371429 0.250000 0.183333 0.285714 
Norwegian  0.000000 0.000000 0.000000 0.000000 0.137500 0.014286 0.142857 0.142857 0.371429 0.250000 0.183333 0.285714 
Swedish    0.000000 0.000000 0.000000 0.000000 0.137500 0.014286 0.142857 0.142857 0.371429 0.250000 0.183333 0.285714 
English    0.000000 0.000000 0.000000 0.000000 0.137500 0.014286 0.142857 0.142857 0.371429 0.250000 0.183333 0.285714 
French     0.137500 0.137500 0.137500 0.137500 0.000000 0.137500 0.137500 0.137500 0.462500 0.262500 0.262500 0.262500 
Dutch_List 0.014286 0.014286 0.014286 0.014286 0.137500 0.000000 0.157143 0.157143 0.385714 0.262500 0.142857 0.300000 
Italian    0.142857 0.142857 0.142857 0.142857 0.137500 0.157143 0.000000 0.000000 0.514286 0.250000 0.300000 0.142857 
Catalan    0.142857 0.142857 0.142857 0.142857 0.137500 0.157143 0.000000 0.000000 0.514286 0.250000 0.300000 0.142857 
Gutnish_Lau 0.371429 0.371429 0.371429 0.371429 0.462500 0.385714 0.514286 0.514286 0.000000 0.500000 0.528571 0.571429 
Faroese    0.250000 0.250000 0.250000 0.250000 0.262500 0.262500 0.250000 0.250000 0.500000 0.000000 0.387500 0.375000 
Danish_Fjolde 0.183333 0.183333 0.183333 0.183333 0.262500 0.142857 0.300000 0.300000 0.528571 0.387500 0.000000 0.442857 
Icelandic_St 0.285714 0.285714 0.285714 0.285714 0.262500 0.300000 0.142857 0.142857 0.571429 0.375000 0.442857 0.000000 
