11
Swedish    0.000000 0.000000 0.220000 0.200000 0.000000 0.020000 0.000000 0.020000 0.000000 0.333333 0.220000 
Icelandic_St 0.000000 0.000000 0.220000 0.200000 0.000000 0.020000 0.000000 0.020000 0.000000 0.333333 0.220000 
Danish     0.220000 0.220000 0.000000 0.420000 0.220000 0.200000 0.220000 0.200000 0.220000 0.516667 0.000000 
Stavangersk 0.200000 0.200000 0.420000 0.000000 0.200000 0.220000 0.200000 0.220000 0.200000 0.166667 0.420000 
Norwegian  0.000000 0.000000 0.220000 0.200000 0.000000 0.020000 0.000000 0.020000 0.000000 0.333333 0.220000 
English    0.020000 0.020000 0.200000 0.220000 0.020000 0.000000 0.020000 0.000000 0.020000 0.350000 0.200000 
Old_Norse  0.000000 0.000000 0.220000 0.200000 0.000000 0.020000 0.000000 0.020000 0.000000 0.333333 0.220000 
Old_Swedish 0.020000 0.020000 0.200000 0.220000 0.020000 0.000000 0.020000 0.000000 0.020000 0.350000 0.200000 
Gutnish_Lau 0.000000 0.000000 0.220000 0.200000 0.000000 0.020000 0.000000 0.020000 0.000000 0.333333 0.220000 
Övdalian   0.333333 0.333333 0.516667 0.166667 0.333333 0.350000 0.333333 0.350000 0.333333 0.000000 0.516667 
Danish_Fjolde 0.220000 0.220000 0.000000 0.420000 0.220000 0.200000 0.220000 0.200000 0.220000 0.516667 0.000000 
