12
Old_Norse 0.000 0.231 0.231 0.551 0.508 0.444 0.444 0.448 0.417 0.393 0.323 0.536 
Icelandic 0.231 0.000 0.020 0.487 0.591 0.387 0.387 0.411 0.387 0.484 0.340 0.591 
Faroese   0.231 0.020 0.000 0.512 0.591 0.412 0.412 0.434 0.387 0.484 0.340 0.617 
Norwegian 0.551 0.487 0.512 0.000 0.189 0.133 0.133 0.325 0.167 0.334 0.449 0.152 
Stavanger 0.508 0.591 0.591 0.189 0.000 0.334 0.334 0.251 0.298 0.160 0.351 0.040 
Old_Swedi 0.444 0.387 0.412 0.133 0.334 0.000 0.000 0.449 0.033 0.189 0.325 0.298 
Swedish   0.444 0.387 0.412 0.133 0.334 0.000 0.000 0.449 0.033 0.189 0.325 0.298 
Övdalian  0.448 0.411 0.434 0.325 0.251 0.449 0.449 0.000 0.449 0.385 0.143 0.251 
Danish    0.417 0.387 0.387 0.167 0.298 0.033 0.033 0.449 0.000 0.152 0.295 0.334 
Danish_Fj 0.393 0.484 0.484 0.334 0.160 0.189 0.189 0.385 0.152 0.000 0.218 0.200 
Gutnish_L 0.323 0.340 0.340 0.449 0.351 0.325 0.325 0.143 0.295 0.218 0.000 0.385 
English   0.536 0.591 0.617 0.152 0.040 0.298 0.298 0.251 0.334 0.200 0.385 0.000 
