11
Romani 0.000000 103.000000 129.000000 136.000000 144.000000 150.000000 145.000000 149.000000 142.000000 145.000000 137.000000 
Singhales 103.000000 0.000000 118.000000 125.000000 131.000000 153.000000 144.000000 146.000000 127.000000 144.000000 120.000000 
Kashmiri 129.000000 118.000000 0.000000 125.000000 125.000000 145.000000 132.000000 136.000000 129.000000 122.000000 120.000000 
Marathi 136.000000 125.000000 125.000000 0.000000 76.000000 104.000000 117.000000 97.000000 86.000000 99.000000 113.000000 
Gujarati 144.000000 131.000000 125.000000 76.000000 0.000000 98.000000 95.000000 85.000000 94.000000 95.000000 117.000000 
Panjabi 150.000000 153.000000 145.000000 104.000000 98.000000 0.000000 39.000000 53.000000 98.000000 101.000000 121.000000 
Lahnda 145.000000 144.000000 132.000000 117.000000 95.000000 39.000000 0.000000 56.000000 107.000000 108.000000 128.000000 
Hindi 149.000000 146.000000 136.000000 97.000000 85.000000 53.000000 56.000000 0.000000 79.000000 92.000000 106.000000 
Bengali 142.000000 127.000000 129.000000 86.000000 94.000000 98.000000 107.000000 79.000000 0.000000 93.000000 107.000000 
Nepali 145.000000 144.000000 122.000000 99.000000 95.000000 101.000000 108.000000 92.000000 93.000000 0.000000 56.000000 
Khaskura 137.000000 120.000000 120.000000 113.000000 117.000000 121.000000 128.000000 106.000000 107.000000 56.000000 0.000000 

