15
German_ST 0.000000 48.000000 51.000000 59.000000 54.000000 79.000000 146.000000 145.000000 130.000000 118.000000 139.000000 149.000000 150.000000 134.000000 119.000000 
PennDutch 48.000000 0.000000 73.000000 75.000000 72.000000 87.000000 160.000000 159.000000 154.000000 140.000000 143.000000 147.000000 146.000000 122.000000 103.000000 
Dutch 51.000000 73.000000 0.000000 24.000000 25.000000 68.000000 147.000000 154.000000 135.000000 141.000000 144.000000 158.000000 155.000000 127.000000 126.000000 
Afrikaans 59.000000 75.000000 24.000000 0.000000 21.000000 68.000000 153.000000 160.000000 139.000000 143.000000 150.000000 166.000000 163.000000 131.000000 128.000000 
Flemish 54.000000 72.000000 25.000000 21.000000 0.000000 65.000000 150.000000 157.000000 138.000000 138.000000 145.000000 159.000000 156.000000 132.000000 127.000000 
Frisian 79.000000 87.000000 68.000000 68.000000 65.000000 0.000000 155.000000 154.000000 141.000000 141.000000 138.000000 150.000000 151.000000 113.000000 108.000000 
SwedishUp 146.000000 160.000000 147.000000 153.000000 150.000000 155.000000 0.000000 35.000000 44.000000 64.000000 57.000000 69.000000 70.000000 134.000000 173.000000 
SwedishVL 145.000000 159.000000 154.000000 160.000000 157.000000 154.000000 35.000000 0.000000 45.000000 71.000000 62.000000 72.000000 73.000000 143.000000 182.000000 
Swedish 130.000000 154.000000 135.000000 139.000000 138.000000 141.000000 44.000000 45.000000 0.000000 54.000000 67.000000 81.000000 78.000000 142.000000 181.000000 
Danish 118.000000 140.000000 141.000000 143.000000 138.000000 141.000000 64.000000 71.000000 54.000000 0.000000 51.000000 71.000000 70.000000 128.000000 157.000000 
Riksmal 139.000000 143.000000 144.000000 150.000000 145.000000 138.000000 57.000000 62.000000 67.000000 51.000000 0.000000 50.000000 57.000000 141.000000 160.000000 
Icelandic 149.000000 147.000000 158.000000 166.000000 159.000000 150.000000 69.000000 72.000000 81.000000 71.000000 50.000000 0.000000 31.000000 137.000000 156.000000 
Faroese  150.000000 146.000000 155.000000 163.000000 156.000000 151.000000 70.000000 73.000000 78.000000 70.000000 57.000000 31.000000 0.000000 138.000000 165.000000 
English 134.000000 122.000000 127.000000 131.000000 132.000000 113.000000 134.000000 143.000000 142.000000 128.000000 141.000000 137.000000 138.000000 0.000000 97.000000 
Sranan 119.000000 103.000000 126.000000 128.000000 127.000000 108.000000 173.000000 182.000000 181.000000 157.000000 160.000000 156.000000 165.000000 97.000000 0.000000 

