8
German_ST 0.000000 48.000000 51.000000 59.000000 54.000000 79.000000 134.000000 119.000000 
PennDutch 48.000000 0.000000 73.000000 75.000000 72.000000 87.000000 122.000000 103.000000 
Dutch 51.000000 73.000000 0.000000 24.000000 25.000000 68.000000 127.000000 126.000000 
Afrikaans 59.000000 75.000000 24.000000 0.000000 21.000000 68.000000 131.000000 128.000000 
Flemish  54.000000 72.000000 25.000000 21.000000 0.000000 65.000000 132.000000 127.000000 
Frisian 79.000000 87.000000 68.000000 68.000000 65.000000 0.000000 113.000000 108.000000 
English 134.000000 122.000000 127.000000 131.000000 132.000000 113.000000 0.000000 97.000000 
Sranan 119.000000 103.000000 126.000000 128.000000 127.000000 108.000000 97.000000 0.000000 

