13
Old_Norse 0.000 0.126 0.126 0.260 0.235 0.147 0.260 0.260 0.398 0.330 0.260 0.398 0.211 
Icelandic 0.126 0.000 0.000 0.340 0.317 0.040 0.340 0.340 0.480 0.403 0.340 0.480 0.162 
Faroese   0.126 0.000 0.000 0.340 0.317 0.040 0.340 0.340 0.480 0.403 0.340 0.480 0.162 
Norwegian 0.260 0.340 0.340 0.000 0.029 0.317 0.000 0.000 0.195 0.159 0.000 0.195 0.200 
Stavanger 0.235 0.317 0.317 0.029 0.000 0.340 0.029 0.029 0.228 0.186 0.029 0.228 0.173 
Old_Swedi 0.147 0.040 0.040 0.317 0.340 0.000 0.317 0.317 0.453 0.380 0.317 0.453 0.168 
Swedish   0.260 0.340 0.340 0.000 0.029 0.317 0.000 0.000 0.195 0.159 0.000 0.195 0.200 
Övdalian  0.260 0.340 0.340 0.000 0.029 0.317 0.000 0.000 0.195 0.159 0.000 0.195 0.200 
Danish    0.398 0.480 0.480 0.195 0.228 0.453 0.195 0.195 0.000 0.297 0.195 0.000 0.340 
Danish_Fj 0.330 0.403 0.403 0.159 0.186 0.380 0.159 0.159 0.297 0.000 0.159 0.297 0.279 
Gutnish_L 0.260 0.340 0.340 0.000 0.029 0.317 0.000 0.000 0.195 0.159 0.000 0.195 0.200 
English   0.398 0.480 0.480 0.195 0.228 0.453 0.195 0.195 0.000 0.297 0.195 0.000 0.340 
German    0.211 0.162 0.162 0.200 0.173 0.168 0.200 0.200 0.340 0.279 0.200 0.340 0.000 
